#Accuracy = 94.38%

weight_str =  [1.679932767872194e-09, 0.3704009839146038, 0.6198627429579228, 0.5329647442403873, 4.833526957807098e-05, 0.9999296185737507, 0.6215364011714778, 0.7048992097000968, 0.9994941401858789, 0.574701883805357, 4.60615995920149e-06, 0.28958048902410954, 0.9999703914875008, 0.9896142018290407, 0.00014987590577285873, 0.003948580461515993, 0.2236955095955647, 0.43450336974047293, 0.9999148363615032, 0.48174636775076146, 0.9990643011719138, 2.994676151604018e-07, 0.6006115505115993, 0.829572159516621, 0.5011895835796714, 0.3615057380743315, 0.9999941803193416, 0.9998678817352761, 0.002241354560088799, 0.8837849275184249]
weight_int =  [0.001350784426728233, 0.9999806971696831, 0.5724756993371293, 0.5542503338398189, 0.2170025987518881, 7.245285523419161e-07, 5.06502439872725e-06, 0.9999764822649871, 5.593771392522118e-07]
